4950
19900
44850
79800
124750
179700
244650
319600
404550
499500
604450
719400
844350
979300
1124250
1279200
1444150
1619100
1804050
1999000
2203950
2418900
2643850
2878800
3123750
3378700
3643650
3918600
4203550
4498500
4803450
5118400
5443350
5778300
6123250
6478200
6843150
7218100
7603050
7998000
8402950
8817900
9242850
9677800
10122750
10577700
11042650
11517600
12002550
12497500
13002450
13517400
14042350
14577300
15122250
15677200
16242150
16817100
17402050
17997000
18601950
19216900
19841850
20476800
21121750
21776700
22441650
23116600
23801550
24496500
25201450
25916400
26641350
27376300
28121250
28876200
29641150
30416100
31201050
31996000
32800950
33615900
34440850
35275800
36120750
36975700
37840650
38715600
39600550
40495500
41400450
42315400
43240350
44175300
45120250
46075200
47040150
48015100
49000050
49995000
